0
0
0
0
0
12
0
0
0
9
2
2
2
2
2
2
10
0
0
0
0
0
0
0
0
0
0
0
0
0
0
0
0
0
0
9
2
2
2
2
13
0
11
0
0
0
0
3
7
2
2
2
2
2
2
2
10
0
0
0
0
0
0
13
0
0
0
0
0
0
0
0
0
0
0
9
2
2
2
2
0
0
0
12
0
0
3
2
2
2
2
2
2
2
2
8
6
0
0
0
13
0
0
0
0
0
0
13
0
0
0
0
0
0
0
9
2
2
2
2
13
0
0
0
0
0
9
2
2
2
2
2
2
8
6
0
0
0
0
11
0
0
0
0
0
0
0
0
0
0
0
0
0
0
0
5
2
2
2
2
0
11
0
13
0
0
5
2
2
2
2
8
6
0
13
0
0
0
13
0
0
0
0
0
13
0
0
0
0
0
0
0
0
0
0
0
5
2
2
2
13
0
0
0
0
0
0
5
8
8
6
0
0
0
0
0
14
14
14
14
14
14
14
14
14
14
14
14
14
14
14
14
14
14
0
0
0
5
2
2
0
0
0
0
13
0
0
0
0
0
0
0
11
0
0
17
1
1
1
1
1
1
1
1
1
1
1
1
1
1
1
1
1
1
16
0
13
0
5
8
0
0
0
0
0
0
0
0
0
0
0
0
0
0
0
17
1
18
15
15
15
15
15
15
15
15
15
15
15
15
15
15
19
1
16
0
0
0
0
0
0
0
0
0
0
0
0
0
0
0
0
11
0
11
0
17
1
16
13
0
0
0
0
0
0
0
0
0
0
0
0
0
17
1
16
0
0
0
0
0
0
0
0
0
0
0
0
0
0
0
0
0
0
0
0
17
1
16
0
0
13
0
0
0
0
0
0
0
0
0
0
0
17
1
16
0
0
0
0
0
0
0
0
0
0
0
0
0
0
0
11
0
0
0
0
17
1
16
0
0
0
12
0
3
7
7
7
7
7
7
4
0
17
1
16
0
0
13
0
0
0
0
13
0
0
13
0
0
0
0
0
0
13
12
11
17
1
16
0
0
0
13
3
2
2
2
2
2
2
2
10
0
17
1
16
0
0
0
0
0
14
14
14
14
14
14
14
14
14
14
14
14
14
14
14
21
1
16
11
13
0
3
2
2
2
2
2
2
2
2
6
13
17
1
20
14
14
14
14
14
1
1
1
1
1
1
1
1
1
1
1
1
1
1
1
1
1
16
0
0
3
2
2
2
2
2
2
2
2
6
0
0
17
1
1
1
1
1
1
1
15
15
15
15
15
15
15
15
15
15
15
15
15
15
15
15
15
0
0
0
5
2
2
2
2
2
2
8
6
0
0
0
0
15
15
15
15
15
15
15
0
0
0
0
0
0
0
0
0
0
0
0
0
0
0
0
0
0
0
12
11
5
8
8
8
8
6
0
0
0
0
13
0
0
0
0
0
13
0
0
0
0
0
0
0
0
0
0
0
0
0
0
0
0
0
0
0
0
0
0
11
11
11
11
11
0
0
0
0
0
0
0
0
0
0
13
0
0
0
0
0
0
0
0
0
0
0
0
0
0
0
0
0
0
0
0
0
0
0
0
0
0
0
0
0
0
0
0
0
0
0
0
0
0
0
0
0
0
0
0
0
13
39
13
