0
0
0
0
0
12
0
0
0
11
0
0
0
0
0
0
0
0
0
3
2
2
2
2
2
2
2
2
2
2
2
10
0
0
0
0
0
0
0
0
13
0
0
0
0
0
0
13
0
0
0
0
13
0
0
13
0
0
0
0
3
7
7
7
2
2
2
2
2
2
2
6
0
0
0
0
13
0
0
0
0
0
0
12
0
0
0
0
11
0
0
0
0
0
0
12
0
0
13
0
0
0
0
0
3
7
7
2
2
2
6
0
0
0
0
0
0
0
0
0
13
0
0
0
0
13
12
0
4
8
8
8
5
11
0
0
0
0
0
11
0
0
0
0
0
0
0
3
7
6
0
0
0
0
13
0
0
0
0
0
0
11
0
13
13
0
0
4
2
2
2
2
2
5
0
0
0
13
0
0
0
0
12
0
0
0
13
0
0
0
0
0
0
0
0
0
13
0
0
0
13
0
0
0
0
0
0
3
2
2
2
2
2
10
0
0
0
0
0
13
0
0
0
0
0
0
0
0
11
0
0
11
0
11
0
0
0
0
0
0
0
0
0
0
13
0
0
0
3
7
7
7
7
6
0
0
0
12
0
0
12
11
0
0
0
0
13
0
0
0
0
0
0
0
0
0
13
0
0
0
14
14
14
14
14
14
14
14
14
14
14
14
14
14
14
14
14
14
14
14
14
14
14
14
14
14
14
14
14
14
14
14
14
14
14
14
14
14
14
14
1
1
1
1
1
1
1
1
1
1
1
1
1
1
1
1
1
1
1
1
1
1
1
1
1
1
1
1
1
1
1
1
1
1
1
1
1
1
1
1
15
15
15
15
15
15
15
15
15
15
15
15
15
15
15
15
15
15
15
15
15
15
15
15
15
15
15
15
15
15
15
15
15
15
15
15
15
15
15
15
0
0
0
0
0
0
0
0
0
0
0
0
0
0
0
0
0
0
0
0
0
12
0
0
0
13
0
0
0
13
0
0
0
0
0
0
0
13
0
0
0
0
13
0
0
13
0
0
13
0
0
0
13
12
0
0
0
13
0
0
0
0
0
12
0
0
0
0
0
4
8
8
8
8
5
0
0
0
0
0
0
0
0
0
0
0
0
0
0
0
0
0
0
11
0
0
0
0
11
0
0
0
0
0
0
0
0
0
4
2
2
2
2
2
2
5
0
13
0
0
0
0
0
0
0
13
0
0
0
0
0
11
0
0
0
13
0
0
0
0
0
12
0
11
0
0
0
4
2
2
2
2
2
2
2
10
0
0
0
0
0
0
0
0
0
0
13
0
0
0
0
0
0
0
0
0
0
0
0
0
0
0
0
0
0
0
0
9
2
2
2
2
2
2
2
6
0
0
13
0
0
0
13
0
0
0
0
0
0
13
0
0
0
0
0
0
0
0
0
12
0
0
0
0
0
0
0
3
2
2
2
2
2
7
6
0
0
13
0
0
0
0
0
0
0
0
0
0
0
0
0
0
0
0
0
0
0
0
0
0
0
0
0
0
0
0
0
0
3
7
7
7
6
0
0
13
0
0
0
0
0
0
0
0
0
0
0
0
0
0
0
0
0
0
0
0
0
0
0
0
0
0
0
0
0
0
0
0
0
0
0
0
0
0
0
0
0
0
0
0
